
================================================================================
Testing all cord combinations for n=16, k=3
================================================================================

Theoretical upper bound: λ₂ ≤ 3.200000

Found 49 valid k-regular graphs

Rank   l1     l2     λ₂           Check     
--------------------------------------------------
1      1      3      1.26794919   ✓         
2      1      5      1.26794919   ✓         
3      7      3      1.26794919   ✓         
4      7      5      1.26794919   ✓         
5      3      1      1.26794919   ✓         
6      3      7      1.26794919   ✓         
7      5      1      1.26794919   ✓         
8      5      7      1.26794919   ✓         
9      3      2      0.76393202   ✓         
10     3      6      0.76393202   ✓         
11     5      2      0.76393202   ✓         
12     5      6      0.76393202   ✓         
13     2      3      0.76393202   ✓         
14     2      5      0.76393202   ✓         
15     6      3      0.76393202   ✓         
16     6      5      0.76393202   ✓         
17     1      2      0.76393202   ✓         
18     1      6      0.76393202   ✓         
19     7      2      0.76393202   ✓         
20     7      6      0.76393202   ✓         

================================================================================
BEST RESULT for n=16: l1=1, l2=3, λ₂=1.26794919
================================================================================

Detailed verification:
k-regular: True (all degrees = 3)
Degree range: [3, 3]
λ₂ ≤ theoretical max: True
All eigenvalues: [-1.61877559e-15  1.26794919e+00  1.26794919e+00  1.26794919e+00
  1.26794919e+00  2.00000000e+00  2.00000000e+00  2.00000000e+00
  4.00000000e+00  4.00000000e+00]
λ₀ = -0.0000000000 (should be ≈ 0)
λ₁ = 1.2679491924 (algebraic connectivity)

Connected: True

Adjacency matrix:
[[0 1 0 0 0 0 0 1 1 0 0 0 0 0 0 0]
 [1 0 1 0 0 0 0 0 0 1 0 0 0 0 0 0]
 [0 1 0 1 0 0 0 0 0 0 1 0 0 0 0 0]
 [0 0 1 0 1 0 0 0 0 0 0 1 0 0 0 0]
 [0 0 0 1 0 1 0 0 0 0 0 0 1 0 0 0]
 [0 0 0 0 1 0 1 0 0 0 0 0 0 1 0 0]
 [0 0 0 0 0 1 0 1 0 0 0 0 0 0 1 0]
 [1 0 0 0 0 0 1 0 0 0 0 0 0 0 0 1]
 [1 0 0 0 0 0 0 0 0 0 0 1 0 1 0 0]
 [0 1 0 0 0 0 0 0 0 0 0 0 1 0 1 0]
 [0 0 1 0 0 0 0 0 0 0 0 0 0 1 0 1]
 [0 0 0 1 0 0 0 0 1 0 0 0 0 0 1 0]
 [0 0 0 0 1 0 0 0 0 1 0 0 0 0 0 1]
 [0 0 0 0 0 1 0 0 1 0 1 0 0 0 0 0]
 [0 0 0 0 0 0 1 0 0 1 0 1 0 0 0 0]
 [0 0 0 0 0 0 0 1 0 0 1 0 1 0 0 0]]

ERG baseline (estimated): 0.5000
Our result: 1.2679
Improvement: +153.59%
Status: WIN!

================================================================================
Testing all cord combinations for n=18, k=3
================================================================================

Theoretical upper bound: λ₂ ≤ 3.176471

Found 64 valid k-regular graphs

Rank   l1     l2     λ₂           Check     
--------------------------------------------------
1      1      4      0.89801080   ✓         
2      1      5      0.89801080   ✓         
3      8      4      0.89801080   ✓         
4      8      5      0.89801080   ✓         
5      4      1      0.89801080   ✓         
6      4      8      0.89801080   ✓         
7      5      1      0.89801080   ✓         
8      5      8      0.89801080   ✓         
9      4      2      0.89801080   ✓         
10     4      7      0.89801080   ✓         
11     5      2      0.89801080   ✓         
12     5      7      0.89801080   ✓         
13     2      1      0.89801080   ✓         
14     2      8      0.89801080   ✓         
15     7      1      0.89801080   ✓         
16     7      8      0.89801080   ✓         
17     1      2      0.89801080   ✓         
18     1      7      0.89801080   ✓         
19     8      2      0.89801080   ✓         
20     8      7      0.89801080   ✓         

================================================================================
BEST RESULT for n=18: l1=1, l2=4, λ₂=0.89801080
================================================================================

Detailed verification:
k-regular: True (all degrees = 3)
Degree range: [3, 3]
λ₂ ≤ theoretical max: True
All eigenvalues: [-2.66454342e-15  8.98010801e-01  8.98010801e-01  1.19639277e+00
  1.19639277e+00  2.00000000e+00  2.26953927e+00  2.26953927e+00
  3.00000000e+00  3.00000000e+00]
λ₀ = -0.0000000000 (should be ≈ 0)
λ₁ = 0.8980108012 (algebraic connectivity)

Connected: True

Adjacency matrix:
[[0 1 0 0 0 0 0 0 1 1 0 0 0 0 0 0 0 0]
 [1 0 1 0 0 0 0 0 0 0 1 0 0 0 0 0 0 0]
 [0 1 0 1 0 0 0 0 0 0 0 1 0 0 0 0 0 0]
 [0 0 1 0 1 0 0 0 0 0 0 0 1 0 0 0 0 0]
 [0 0 0 1 0 1 0 0 0 0 0 0 0 1 0 0 0 0]
 [0 0 0 0 1 0 1 0 0 0 0 0 0 0 1 0 0 0]
 [0 0 0 0 0 1 0 1 0 0 0 0 0 0 0 1 0 0]
 [0 0 0 0 0 0 1 0 1 0 0 0 0 0 0 0 1 0]
 [1 0 0 0 0 0 0 1 0 0 0 0 0 0 0 0 0 1]
 [1 0 0 0 0 0 0 0 0 0 0 0 0 1 1 0 0 0]
 [0 1 0 0 0 0 0 0 0 0 0 0 0 0 1 1 0 0]
 [0 0 1 0 0 0 0 0 0 0 0 0 0 0 0 1 1 0]
 [0 0 0 1 0 0 0 0 0 0 0 0 0 0 0 0 1 1]
 [0 0 0 0 1 0 0 0 0 1 0 0 0 0 0 0 0 1]
 [0 0 0 0 0 1 0 0 0 1 1 0 0 0 0 0 0 0]
 [0 0 0 0 0 0 1 0 0 0 1 1 0 0 0 0 0 0]
 [0 0 0 0 0 0 0 1 0 0 0 1 1 0 0 0 0 0]
 [0 0 0 0 0 0 0 0 1 0 0 0 1 1 0 0 0 0]]

================================================================================
Testing all cord combinations for n=20, k=3
================================================================================

Theoretical upper bound: λ₂ ≤ 3.157895

Found 81 valid k-regular graphs

Rank   l1     l2     λ₂           Check     
--------------------------------------------------
1      3      1      1.00000000   ✓         
2      3      9      1.00000000   ✓         
3      7      1      1.00000000   ✓         
4      7      9      1.00000000   ✓         
5      1      3      1.00000000   ✓         
6      1      7      1.00000000   ✓         
7      9      3      1.00000000   ✓         
8      9      7      1.00000000   ✓         
9      3      5      0.85103886   ✓         
10     7      5      0.85103886   ✓         
11     5      3      0.85103886   ✓         
12     5      7      0.85103886   ✓         
13     1      5      0.78135119   ✓         
14     9      5      0.78135119   ✓         
15     5      1      0.78135119   ✓         
16     5      9      0.78135119   ✓         
17     3      2      0.76393202   ✓         
18     3      8      0.76393202   ✓         
19     7      2      0.76393202   ✓         
20     7      8      0.76393202   ✓         

================================================================================
BEST RESULT for n=20: l1=3, l2=1, λ₂=1.00000000
================================================================================

Detailed verification:
k-regular: True (all degrees = 3)
Degree range: [3, 3]
λ₂ ≤ theoretical max: True
All eigenvalues: [-3.34963352e-16  1.00000000e+00  1.00000000e+00  1.00000000e+00
  1.00000000e+00  2.00000000e+00  2.00000000e+00  2.00000000e+00
  2.00000000e+00  2.00000000e+00]
λ₀ = -0.0000000000 (should be ≈ 0)
λ₁ = 1.0000000000 (algebraic connectivity)

Connected: True

Adjacency matrix:
[[0 0 0 1 0 0 0 1 0 0 1 0 0 0 0 0 0 0 0 0]
 [0 0 0 0 1 0 0 0 1 0 0 1 0 0 0 0 0 0 0 0]
 [0 0 0 0 0 1 0 0 0 1 0 0 1 0 0 0 0 0 0 0]
 [1 0 0 0 0 0 1 0 0 0 0 0 0 1 0 0 0 0 0 0]
 [0 1 0 0 0 0 0 1 0 0 0 0 0 0 1 0 0 0 0 0]
 [0 0 1 0 0 0 0 0 1 0 0 0 0 0 0 1 0 0 0 0]
 [0 0 0 1 0 0 0 0 0 1 0 0 0 0 0 0 1 0 0 0]
 [1 0 0 0 1 0 0 0 0 0 0 0 0 0 0 0 0 1 0 0]
 [0 1 0 0 0 1 0 0 0 0 0 0 0 0 0 0 0 0 1 0]
 [0 0 1 0 0 0 1 0 0 0 0 0 0 0 0 0 0 0 0 1]
 [1 0 0 0 0 0 0 0 0 0 0 1 0 0 0 0 0 0 0 1]
 [0 1 0 0 0 0 0 0 0 0 1 0 1 0 0 0 0 0 0 0]
 [0 0 1 0 0 0 0 0 0 0 0 1 0 1 0 0 0 0 0 0]
 [0 0 0 1 0 0 0 0 0 0 0 0 1 0 1 0 0 0 0 0]
 [0 0 0 0 1 0 0 0 0 0 0 0 0 1 0 1 0 0 0 0]
 [0 0 0 0 0 1 0 0 0 0 0 0 0 0 1 0 1 0 0 0]
 [0 0 0 0 0 0 1 0 0 0 0 0 0 0 0 1 0 1 0 0]
 [0 0 0 0 0 0 0 1 0 0 0 0 0 0 0 0 1 0 1 0]
 [0 0 0 0 0 0 0 0 1 0 0 0 0 0 0 0 0 1 0 1]
 [0 0 0 0 0 0 0 0 0 1 1 0 0 0 0 0 0 0 1 0]]

================================================================================
Testing all cord combinations for n=22, k=3
================================================================================

Theoretical upper bound: λ₂ ≤ 3.142857

Found 100 valid k-regular graphs

Rank   l1     l2     λ₂           Check     
--------------------------------------------------
1      5      4      0.89841854   ✓         
2      5      7      0.89841854   ✓         
3      6      4      0.89841854   ✓         
4      6      7      0.89841854   ✓         
5      2      3      0.89841854   ✓         
6      2      8      0.89841854   ✓         
7      9      3      0.89841854   ✓         
8      9      8      0.89841854   ✓         
9      3      1      0.89841854   ✓         
10     3      10     0.89841854   ✓         
11     8      1      0.89841854   ✓         
12     8      10     0.89841854   ✓         
13     1      3      0.89841854   ✓         
14     1      8      0.89841854   ✓         
15     3      2      0.89841854   ✓         
16     3      9      0.89841854   ✓         
17     8      2      0.89841854   ✓         
18     8      9      0.89841854   ✓         
19     10     3      0.89841854   ✓         
20     10     8      0.89841854   ✓         

================================================================================
BEST RESULT for n=22: l1=5, l2=4, λ₂=0.89841854
================================================================================

Detailed verification:
k-regular: True (all degrees = 3)
Degree range: [3, 3]
λ₂ ≤ theoretical max: True
All eigenvalues: [9.04163459e-16 8.98418535e-01 8.98418535e-01 1.01406340e+00
 1.01406340e+00 1.58188341e+00 1.58188341e+00 1.84396856e+00
 1.84396856e+00 2.00000000e+00]
λ₀ = 0.0000000000 (should be ≈ 0)
λ₁ = 0.8984185353 (algebraic connectivity)

Connected: True

Adjacency matrix:
[[0 0 0 0 0 1 1 0 0 0 0 1 0 0 0 0 0 0 0 0 0 0]
 [0 0 0 0 0 0 1 1 0 0 0 0 1 0 0 0 0 0 0 0 0 0]
 [0 0 0 0 0 0 0 1 1 0 0 0 0 1 0 0 0 0 0 0 0 0]
 [0 0 0 0 0 0 0 0 1 1 0 0 0 0 1 0 0 0 0 0 0 0]
 [0 0 0 0 0 0 0 0 0 1 1 0 0 0 0 1 0 0 0 0 0 0]
 [1 0 0 0 0 0 0 0 0 0 1 0 0 0 0 0 1 0 0 0 0 0]
 [1 1 0 0 0 0 0 0 0 0 0 0 0 0 0 0 0 1 0 0 0 0]
 [0 1 1 0 0 0 0 0 0 0 0 0 0 0 0 0 0 0 1 0 0 0]
 [0 0 1 1 0 0 0 0 0 0 0 0 0 0 0 0 0 0 0 1 0 0]
 [0 0 0 1 1 0 0 0 0 0 0 0 0 0 0 0 0 0 0 0 1 0]
 [0 0 0 0 1 1 0 0 0 0 0 0 0 0 0 0 0 0 0 0 0 1]
 [1 0 0 0 0 0 0 0 0 0 0 0 0 0 0 1 0 0 1 0 0 0]
 [0 1 0 0 0 0 0 0 0 0 0 0 0 0 0 0 1 0 0 1 0 0]
 [0 0 1 0 0 0 0 0 0 0 0 0 0 0 0 0 0 1 0 0 1 0]
 [0 0 0 1 0 0 0 0 0 0 0 0 0 0 0 0 0 0 1 0 0 1]
 [0 0 0 0 1 0 0 0 0 0 0 1 0 0 0 0 0 0 0 1 0 0]
 [0 0 0 0 0 1 0 0 0 0 0 0 1 0 0 0 0 0 0 0 1 0]
 [0 0 0 0 0 0 1 0 0 0 0 0 0 1 0 0 0 0 0 0 0 1]
 [0 0 0 0 0 0 0 1 0 0 0 1 0 0 1 0 0 0 0 0 0 0]
 [0 0 0 0 0 0 0 0 1 0 0 0 1 0 0 1 0 0 0 0 0 0]
 [0 0 0 0 0 0 0 0 0 1 0 0 0 1 0 0 1 0 0 0 0 0]
 [0 0 0 0 0 0 0 0 0 0 1 0 0 0 1 0 0 1 0 0 0 0]]

================================================================================
Testing all cord combinations for n=24, k=3
================================================================================

Theoretical upper bound: λ₂ ≤ 3.130435

Found 121 valid k-regular graphs

Rank   l1     l2     λ₂           Check     
--------------------------------------------------
1      1      5      1.00000000   ✓         
2      1      7      1.00000000   ✓         
3      11     5      1.00000000   ✓         
4      11     7      1.00000000   ✓         
5      5      1      1.00000000   ✓         
6      5      11     1.00000000   ✓         
7      7      1      1.00000000   ✓         
8      7      11     1.00000000   ✓         
9      1      3      0.69722436   ✓         
10     1      9      0.69722436   ✓         
11     11     3      0.69722436   ✓         
12     11     9      0.69722436   ✓         
13     2      3      0.69722436   ✓         
14     2      9      0.69722436   ✓         
15     10     3      0.69722436   ✓         
16     10     9      0.69722436   ✓         
17     5      3      0.69722436   ✓         
18     5      9      0.69722436   ✓         
19     7      3      0.69722436   ✓         
20     7      9      0.69722436   ✓         

================================================================================
BEST RESULT for n=24: l1=1, l2=5, λ₂=1.00000000
================================================================================

Detailed verification:
k-regular: True (all degrees = 3)
Degree range: [3, 3]
λ₂ ≤ theoretical max: True
All eigenvalues: [-1.61460923e-16  1.00000000e+00  1.00000000e+00  1.00000000e+00
  1.00000000e+00  1.00000000e+00  1.00000000e+00  2.00000000e+00
  2.00000000e+00  2.00000000e+00]
λ₀ = -0.0000000000 (should be ≈ 0)
λ₁ = 1.0000000000 (algebraic connectivity)

Connected: True

Adjacency matrix:
[[0 1 0 0 0 0 0 0 0 0 0 1 1 0 0 0 0 0 0 0 0 0 0 0]
 [1 0 1 0 0 0 0 0 0 0 0 0 0 1 0 0 0 0 0 0 0 0 0 0]
 [0 1 0 1 0 0 0 0 0 0 0 0 0 0 1 0 0 0 0 0 0 0 0 0]
 [0 0 1 0 1 0 0 0 0 0 0 0 0 0 0 1 0 0 0 0 0 0 0 0]
 [0 0 0 1 0 1 0 0 0 0 0 0 0 0 0 0 1 0 0 0 0 0 0 0]
 [0 0 0 0 1 0 1 0 0 0 0 0 0 0 0 0 0 1 0 0 0 0 0 0]
 [0 0 0 0 0 1 0 1 0 0 0 0 0 0 0 0 0 0 1 0 0 0 0 0]
 [0 0 0 0 0 0 1 0 1 0 0 0 0 0 0 0 0 0 0 1 0 0 0 0]
 [0 0 0 0 0 0 0 1 0 1 0 0 0 0 0 0 0 0 0 0 1 0 0 0]
 [0 0 0 0 0 0 0 0 1 0 1 0 0 0 0 0 0 0 0 0 0 1 0 0]
 [0 0 0 0 0 0 0 0 0 1 0 1 0 0 0 0 0 0 0 0 0 0 1 0]
 [1 0 0 0 0 0 0 0 0 0 1 0 0 0 0 0 0 0 0 0 0 0 0 1]
 [1 0 0 0 0 0 0 0 0 0 0 0 0 0 0 0 0 1 0 1 0 0 0 0]
 [0 1 0 0 0 0 0 0 0 0 0 0 0 0 0 0 0 0 1 0 1 0 0 0]
 [0 0 1 0 0 0 0 0 0 0 0 0 0 0 0 0 0 0 0 1 0 1 0 0]
 [0 0 0 1 0 0 0 0 0 0 0 0 0 0 0 0 0 0 0 0 1 0 1 0]
 [0 0 0 0 1 0 0 0 0 0 0 0 0 0 0 0 0 0 0 0 0 1 0 1]
 [0 0 0 0 0 1 0 0 0 0 0 0 1 0 0 0 0 0 0 0 0 0 1 0]
 [0 0 0 0 0 0 1 0 0 0 0 0 0 1 0 0 0 0 0 0 0 0 0 1]
 [0 0 0 0 0 0 0 1 0 0 0 0 1 0 1 0 0 0 0 0 0 0 0 0]
 [0 0 0 0 0 0 0 0 1 0 0 0 0 1 0 1 0 0 0 0 0 0 0 0]
 [0 0 0 0 0 0 0 0 0 1 0 0 0 0 1 0 1 0 0 0 0 0 0 0]
 [0 0 0 0 0 0 0 0 0 0 1 0 0 0 0 1 0 1 0 0 0 0 0 0]
 [0 0 0 0 0 0 0 0 0 0 0 1 0 0 0 0 1 0 1 0 0 0 0 0]]

================================================================================
Testing all cord combinations for n=26, k=3
================================================================================

Theoretical upper bound: λ₂ ≤ 3.120000

Found 144 valid k-regular graphs

Rank   l1     l2     λ₂           Check     
--------------------------------------------------
1      4      6      0.94737014   ✓         
2      4      7      0.94737014   ✓         
3      9      6      0.94737014   ✓         
4      9      7      0.94737014   ✓         
5      3      2      0.94737014   ✓         
6      3      11     0.94737014   ✓         
7      10     2      0.94737014   ✓         
8      10     11     0.94737014   ✓         
9      5      1      0.94737014   ✓         
10     5      12     0.94737014   ✓         
11     8      1      0.94737014   ✓         
12     8      12     0.94737014   ✓         
13     1      5      0.94737014   ✓         
14     1      8      0.94737014   ✓         
15     12     5      0.94737014   ✓         
16     12     8      0.94737014   ✓         
17     2      3      0.94737014   ✓         
18     2      10     0.94737014   ✓         
19     11     3      0.94737014   ✓         
20     11     10     0.94737014   ✓         

================================================================================
BEST RESULT for n=26: l1=4, l2=6, λ₂=0.94737014
================================================================================

Detailed verification:
k-regular: True (all degrees = 3)
Degree range: [3, 3]
λ₂ ≤ theoretical max: True
All eigenvalues: [8.18079866e-16 9.47370140e-01 9.47370140e-01 9.47370140e-01
 9.47370140e-01 1.21582504e+00 1.21582504e+00 1.21582504e+00
 1.21582504e+00 2.00000000e+00]
λ₀ = 0.0000000000 (should be ≈ 0)
λ₁ = 0.9473701405 (algebraic connectivity)

Connected: True

Adjacency matrix:
[[0 0 0 0 1 0 0 0 0 1 0 0 0 1 0 0 0 0 0 0 0 0 0 0 0 0]
 [0 0 0 0 0 1 0 0 0 0 1 0 0 0 1 0 0 0 0 0 0 0 0 0 0 0]
 [0 0 0 0 0 0 1 0 0 0 0 1 0 0 0 1 0 0 0 0 0 0 0 0 0 0]
 [0 0 0 0 0 0 0 1 0 0 0 0 1 0 0 0 1 0 0 0 0 0 0 0 0 0]
 [1 0 0 0 0 0 0 0 1 0 0 0 0 0 0 0 0 1 0 0 0 0 0 0 0 0]
 [0 1 0 0 0 0 0 0 0 1 0 0 0 0 0 0 0 0 1 0 0 0 0 0 0 0]
 [0 0 1 0 0 0 0 0 0 0 1 0 0 0 0 0 0 0 0 1 0 0 0 0 0 0]
 [0 0 0 1 0 0 0 0 0 0 0 1 0 0 0 0 0 0 0 0 1 0 0 0 0 0]
 [0 0 0 0 1 0 0 0 0 0 0 0 1 0 0 0 0 0 0 0 0 1 0 0 0 0]
 [1 0 0 0 0 1 0 0 0 0 0 0 0 0 0 0 0 0 0 0 0 0 1 0 0 0]
 [0 1 0 0 0 0 1 0 0 0 0 0 0 0 0 0 0 0 0 0 0 0 0 1 0 0]
 [0 0 1 0 0 0 0 1 0 0 0 0 0 0 0 0 0 0 0 0 0 0 0 0 1 0]
 [0 0 0 1 0 0 0 0 1 0 0 0 0 0 0 0 0 0 0 0 0 0 0 0 0 1]
 [1 0 0 0 0 0 0 0 0 0 0 0 0 0 0 0 0 0 0 1 1 0 0 0 0 0]
 [0 1 0 0 0 0 0 0 0 0 0 0 0 0 0 0 0 0 0 0 1 1 0 0 0 0]
 [0 0 1 0 0 0 0 0 0 0 0 0 0 0 0 0 0 0 0 0 0 1 1 0 0 0]
 [0 0 0 1 0 0 0 0 0 0 0 0 0 0 0 0 0 0 0 0 0 0 1 1 0 0]
 [0 0 0 0 1 0 0 0 0 0 0 0 0 0 0 0 0 0 0 0 0 0 0 1 1 0]
 [0 0 0 0 0 1 0 0 0 0 0 0 0 0 0 0 0 0 0 0 0 0 0 0 1 1]
 [0 0 0 0 0 0 1 0 0 0 0 0 0 1 0 0 0 0 0 0 0 0 0 0 0 1]
 [0 0 0 0 0 0 0 1 0 0 0 0 0 1 1 0 0 0 0 0 0 0 0 0 0 0]
 [0 0 0 0 0 0 0 0 1 0 0 0 0 0 1 1 0 0 0 0 0 0 0 0 0 0]
 [0 0 0 0 0 0 0 0 0 1 0 0 0 0 0 1 1 0 0 0 0 0 0 0 0 0]
 [0 0 0 0 0 0 0 0 0 0 1 0 0 0 0 0 1 1 0 0 0 0 0 0 0 0]
 [0 0 0 0 0 0 0 0 0 0 0 1 0 0 0 0 0 1 1 0 0 0 0 0 0 0]
 [0 0 0 0 0 0 0 0 0 0 0 0 1 0 0 0 0 0 1 1 0 0 0 0 0 0]]

================================================================================
Testing all cord combinations for n=28, k=3
================================================================================

Theoretical upper bound: λ₂ ≤ 3.111111

Found 169 valid k-regular graphs

Rank   l1     l2     λ₂           Check     
--------------------------------------------------
1      1      4      0.76393202   ✓         
2      1      10     0.76393202   ✓         
3      13     4      0.76393202   ✓         
4      13     10     0.76393202   ✓         
5      6      5      0.76393202   ✓         
6      6      9      0.76393202   ✓         
7      8      5      0.76393202   ✓         
8      8      9      0.76393202   ✓         
9      7      2      0.76393202   ✓         
10     7      12     0.76393202   ✓         
11     4      1      0.76393202   ✓         
12     4      13     0.76393202   ✓         
13     10     1      0.76393202   ✓         
14     10     13     0.76393202   ✓         
15     2      3      0.76393202   ✓         
16     2      7      0.76393202   ✓         
17     2      11     0.76393202   ✓         
18     12     3      0.76393202   ✓         
19     12     7      0.76393202   ✓         
20     12     11     0.76393202   ✓         

================================================================================
BEST RESULT for n=28: l1=1, l2=4, λ₂=0.76393202
================================================================================

Detailed verification:
k-regular: True (all degrees = 3)
Degree range: [3, 3]
λ₂ ≤ theoretical max: True
All eigenvalues: [4.59888970e-16 7.63932023e-01 8.17481145e-01 8.17481145e-01
 1.07659610e+00 1.07659610e+00 1.28917077e+00 1.28917077e+00
 1.45430210e+00 1.45430210e+00]
λ₀ = 0.0000000000 (should be ≈ 0)
λ₁ = 0.7639320225 (algebraic connectivity)

Connected: True

Adjacency matrix:
[[0 1 0 0 0 0 0 0 0 0 0 0 0 1 1 0 0 0 0 0 0 0 0 0 0 0 0 0]
 [1 0 1 0 0 0 0 0 0 0 0 0 0 0 0 1 0 0 0 0 0 0 0 0 0 0 0 0]
 [0 1 0 1 0 0 0 0 0 0 0 0 0 0 0 0 1 0 0 0 0 0 0 0 0 0 0 0]
 [0 0 1 0 1 0 0 0 0 0 0 0 0 0 0 0 0 1 0 0 0 0 0 0 0 0 0 0]
 [0 0 0 1 0 1 0 0 0 0 0 0 0 0 0 0 0 0 1 0 0 0 0 0 0 0 0 0]
 [0 0 0 0 1 0 1 0 0 0 0 0 0 0 0 0 0 0 0 1 0 0 0 0 0 0 0 0]
 [0 0 0 0 0 1 0 1 0 0 0 0 0 0 0 0 0 0 0 0 1 0 0 0 0 0 0 0]
 [0 0 0 0 0 0 1 0 1 0 0 0 0 0 0 0 0 0 0 0 0 1 0 0 0 0 0 0]
 [0 0 0 0 0 0 0 1 0 1 0 0 0 0 0 0 0 0 0 0 0 0 1 0 0 0 0 0]
 [0 0 0 0 0 0 0 0 1 0 1 0 0 0 0 0 0 0 0 0 0 0 0 1 0 0 0 0]
 [0 0 0 0 0 0 0 0 0 1 0 1 0 0 0 0 0 0 0 0 0 0 0 0 1 0 0 0]
 [0 0 0 0 0 0 0 0 0 0 1 0 1 0 0 0 0 0 0 0 0 0 0 0 0 1 0 0]
 [0 0 0 0 0 0 0 0 0 0 0 1 0 1 0 0 0 0 0 0 0 0 0 0 0 0 1 0]
 [1 0 0 0 0 0 0 0 0 0 0 0 1 0 0 0 0 0 0 0 0 0 0 0 0 0 0 1]
 [1 0 0 0 0 0 0 0 0 0 0 0 0 0 0 0 0 0 1 0 0 0 0 0 1 0 0 0]
 [0 1 0 0 0 0 0 0 0 0 0 0 0 0 0 0 0 0 0 1 0 0 0 0 0 1 0 0]
 [0 0 1 0 0 0 0 0 0 0 0 0 0 0 0 0 0 0 0 0 1 0 0 0 0 0 1 0]
 [0 0 0 1 0 0 0 0 0 0 0 0 0 0 0 0 0 0 0 0 0 1 0 0 0 0 0 1]
 [0 0 0 0 1 0 0 0 0 0 0 0 0 0 1 0 0 0 0 0 0 0 1 0 0 0 0 0]
 [0 0 0 0 0 1 0 0 0 0 0 0 0 0 0 1 0 0 0 0 0 0 0 1 0 0 0 0]
 [0 0 0 0 0 0 1 0 0 0 0 0 0 0 0 0 1 0 0 0 0 0 0 0 1 0 0 0]
 [0 0 0 0 0 0 0 1 0 0 0 0 0 0 0 0 0 1 0 0 0 0 0 0 0 1 0 0]
 [0 0 0 0 0 0 0 0 1 0 0 0 0 0 0 0 0 0 1 0 0 0 0 0 0 0 1 0]
 [0 0 0 0 0 0 0 0 0 1 0 0 0 0 0 0 0 0 0 1 0 0 0 0 0 0 0 1]
 [0 0 0 0 0 0 0 0 0 0 1 0 0 0 1 0 0 0 0 0 1 0 0 0 0 0 0 0]
 [0 0 0 0 0 0 0 0 0 0 0 1 0 0 0 1 0 0 0 0 0 1 0 0 0 0 0 0]
 [0 0 0 0 0 0 0 0 0 0 0 0 1 0 0 0 1 0 0 0 0 0 1 0 0 0 0 0]
 [0 0 0 0 0 0 0 0 0 0 0 0 0 1 0 0 0 1 0 0 0 0 0 1 0 0 0 0]]

================================================================================
Testing all cord combinations for n=30, k=3
================================================================================

Theoretical upper bound: λ₂ ≤ 3.103448

Found 196 valid k-regular graphs

Rank   l1     l2     λ₂           Check     
--------------------------------------------------
1      7      2      0.76393202   ✓         
2      7      13     0.76393202   ✓         
3      8      2      0.76393202   ✓         
4      8      13     0.76393202   ✓         
5      1      4      0.76393202   ✓         
6      1      11     0.76393202   ✓         
7      2      7      0.76393202   ✓         
8      2      8      0.76393202   ✓         
9      13     7      0.76393202   ✓         
10     13     8      0.76393202   ✓         
11     14     4      0.76393202   ✓         
12     14     11     0.76393202   ✓         
13     4      1      0.76393202   ✓         
14     4      14     0.76393202   ✓         
15     11     1      0.76393202   ✓         
16     11     14     0.76393202   ✓         
17     2      3      0.69722436   ✓         
18     2      12     0.69722436   ✓         
19     13     3      0.69722436   ✓         
20     13     12     0.69722436   ✓         

================================================================================
BEST RESULT for n=30: l1=7, l2=2, λ₂=0.76393202
================================================================================

Detailed verification:
k-regular: True (all degrees = 3)
Degree range: [3, 3]
λ₂ ≤ theoretical max: True
All eigenvalues: [-7.70406697e-16  7.63932023e-01  7.63932023e-01  7.63932023e-01
  7.63932023e-01  1.38196601e+00  1.38196601e+00  1.38196601e+00
  1.38196601e+00  1.38196601e+00]
λ₀ = -0.0000000000 (should be ≈ 0)
λ₁ = 0.7639320225 (algebraic connectivity)

Connected: True

Adjacency matrix:
[[0 0 0 0 0 0 0 1 1 0 0 0 0 0 0 1 0 0 0 0 0 0 0 0 0 0 0 0 0 0]
 [0 0 0 0 0 0 0 0 1 1 0 0 0 0 0 0 1 0 0 0 0 0 0 0 0 0 0 0 0 0]
 [0 0 0 0 0 0 0 0 0 1 1 0 0 0 0 0 0 1 0 0 0 0 0 0 0 0 0 0 0 0]
 [0 0 0 0 0 0 0 0 0 0 1 1 0 0 0 0 0 0 1 0 0 0 0 0 0 0 0 0 0 0]
 [0 0 0 0 0 0 0 0 0 0 0 1 1 0 0 0 0 0 0 1 0 0 0 0 0 0 0 0 0 0]
 [0 0 0 0 0 0 0 0 0 0 0 0 1 1 0 0 0 0 0 0 1 0 0 0 0 0 0 0 0 0]
 [0 0 0 0 0 0 0 0 0 0 0 0 0 1 1 0 0 0 0 0 0 1 0 0 0 0 0 0 0 0]
 [1 0 0 0 0 0 0 0 0 0 0 0 0 0 1 0 0 0 0 0 0 0 1 0 0 0 0 0 0 0]
 [1 1 0 0 0 0 0 0 0 0 0 0 0 0 0 0 0 0 0 0 0 0 0 1 0 0 0 0 0 0]
 [0 1 1 0 0 0 0 0 0 0 0 0 0 0 0 0 0 0 0 0 0 0 0 0 1 0 0 0 0 0]
 [0 0 1 1 0 0 0 0 0 0 0 0 0 0 0 0 0 0 0 0 0 0 0 0 0 1 0 0 0 0]
 [0 0 0 1 1 0 0 0 0 0 0 0 0 0 0 0 0 0 0 0 0 0 0 0 0 0 1 0 0 0]
 [0 0 0 0 1 1 0 0 0 0 0 0 0 0 0 0 0 0 0 0 0 0 0 0 0 0 0 1 0 0]
 [0 0 0 0 0 1 1 0 0 0 0 0 0 0 0 0 0 0 0 0 0 0 0 0 0 0 0 0 1 0]
 [0 0 0 0 0 0 1 1 0 0 0 0 0 0 0 0 0 0 0 0 0 0 0 0 0 0 0 0 0 1]
 [1 0 0 0 0 0 0 0 0 0 0 0 0 0 0 0 0 1 0 0 0 0 0 0 0 0 0 0 1 0]
 [0 1 0 0 0 0 0 0 0 0 0 0 0 0 0 0 0 0 1 0 0 0 0 0 0 0 0 0 0 1]
 [0 0 1 0 0 0 0 0 0 0 0 0 0 0 0 1 0 0 0 1 0 0 0 0 0 0 0 0 0 0]
 [0 0 0 1 0 0 0 0 0 0 0 0 0 0 0 0 1 0 0 0 1 0 0 0 0 0 0 0 0 0]
 [0 0 0 0 1 0 0 0 0 0 0 0 0 0 0 0 0 1 0 0 0 1 0 0 0 0 0 0 0 0]
 [0 0 0 0 0 1 0 0 0 0 0 0 0 0 0 0 0 0 1 0 0 0 1 0 0 0 0 0 0 0]
 [0 0 0 0 0 0 1 0 0 0 0 0 0 0 0 0 0 0 0 1 0 0 0 1 0 0 0 0 0 0]
 [0 0 0 0 0 0 0 1 0 0 0 0 0 0 0 0 0 0 0 0 1 0 0 0 1 0 0 0 0 0]
 [0 0 0 0 0 0 0 0 1 0 0 0 0 0 0 0 0 0 0 0 0 1 0 0 0 1 0 0 0 0]
 [0 0 0 0 0 0 0 0 0 1 0 0 0 0 0 0 0 0 0 0 0 0 1 0 0 0 1 0 0 0]
 [0 0 0 0 0 0 0 0 0 0 1 0 0 0 0 0 0 0 0 0 0 0 0 1 0 0 0 1 0 0]
 [0 0 0 0 0 0 0 0 0 0 0 1 0 0 0 0 0 0 0 0 0 0 0 0 1 0 0 0 1 0]
 [0 0 0 0 0 0 0 0 0 0 0 0 1 0 0 0 0 0 0 0 0 0 0 0 0 1 0 0 0 1]
 [0 0 0 0 0 0 0 0 0 0 0 0 0 1 0 1 0 0 0 0 0 0 0 0 0 0 1 0 0 0]
 [0 0 0 0 0 0 0 0 0 0 0 0 0 0 1 0 1 0 0 0 0 0 0 0 0 0 0 1 0 0]]

================================================================================
Testing all cord combinations for n=32, k=3
================================================================================

Theoretical upper bound: λ₂ ≤ 3.096774

Found 225 valid k-regular graphs

Rank   l1     l2     λ₂           Check     
--------------------------------------------------
1      7      6      0.76393202   ✓         
2      7      10     0.76393202   ✓         
3      9      6      0.76393202   ✓         
4      9      10     0.76393202   ✓         
5      5      2      0.76393202   ✓         
6      5      14     0.76393202   ✓         
7      11     2      0.76393202   ✓         
8      11     14     0.76393202   ✓         
9      6      7      0.76393202   ✓         
10     6      9      0.76393202   ✓         
11     10     7      0.76393202   ✓         
12     10     9      0.76393202   ✓         
13     2      5      0.76393202   ✓         
14     2      11     0.76393202   ✓         
15     14     5      0.76393202   ✓         
16     14     11     0.76393202   ✓         
17     6      1      0.76393202   ✓         
18     6      15     0.76393202   ✓         
19     10     1      0.76393202   ✓         
20     10     15     0.76393202   ✓         

================================================================================
BEST RESULT for n=32: l1=7, l2=6, λ₂=0.76393202
================================================================================

Detailed verification:
k-regular: True (all degrees = 3)
Degree range: [3, 3]
λ₂ ≤ theoretical max: True
All eigenvalues: [-2.24637546e-16  7.63932023e-01  8.58900836e-01  8.58900836e-01
  8.70084192e-01  8.70084192e-01  1.06814835e+00  1.06814835e+00
  1.19650846e+00  1.19650846e+00]
λ₀ = -0.0000000000 (should be ≈ 0)
λ₁ = 0.7639320225 (algebraic connectivity)

Connected: True

Adjacency matrix:
[[0 0 0 ... 0 0 0]
 [0 0 0 ... 0 0 0]
 [0 0 0 ... 0 0 0]
 ...
 [0 0 0 ... 0 0 0]
 [0 0 0 ... 0 0 0]
 [0 0 0 ... 0 0 0]]

ERG baseline (estimated): 0.5858
Our result: 0.7639
Improvement: +30.41%
Status: WIN!

================================================================================
Testing all cord combinations for n=34, k=3
================================================================================

Theoretical upper bound: λ₂ ≤ 3.090909

Found 256 valid k-regular graphs

Rank   l1     l2     λ₂           Check     
--------------------------------------------------
1      5      8      0.77313583   ✓         
2      5      9      0.77313583   ✓         
3      12     8      0.77313583   ✓         
4      12     9      0.77313583   ✓         
5      2      3      0.77313583   ✓         
6      2      14     0.77313583   ✓         
7      15     3      0.77313583   ✓         
8      15     14     0.77313583   ✓         
9      4      6      0.77313583   ✓         
10     4      11     0.77313583   ✓         
11     13     6      0.77313583   ✓         
12     13     11     0.77313583   ✓         
13     3      4      0.77313583   ✓         
14     3      13     0.77313583   ✓         
15     14     4      0.77313583   ✓         
16     14     13     0.77313583   ✓         
17     3      2      0.77313583   ✓         
18     3      15     0.77313583   ✓         
19     14     2      0.77313583   ✓         
20     14     15     0.77313583   ✓         

================================================================================
BEST RESULT for n=34: l1=5, l2=8, λ₂=0.77313583
================================================================================

================================================================================
Testing all cord combinations for n=36, k=3
================================================================================

Theoretical upper bound: λ₂ ≤ 3.085714

Found 289 valid k-regular graphs

Rank   l1     l2     λ₂           Check     
--------------------------------------------------
1      1      5      0.73745038   ✓         
2      1      13     0.73745038   ✓         
3      17     5      0.73745038   ✓         
4      17     13     0.73745038   ✓         
5      5      1      0.73745038   ✓         
6      5      17     0.73745038   ✓         
7      13     1      0.73745038   ✓         
8      13     17     0.73745038   ✓         
9      1      7      0.73745038   ✓         
10     1      11     0.73745038   ✓         
11     17     7      0.73745038   ✓         
12     17     11     0.73745038   ✓         
13     7      5      0.73745038   ✓         
14     7      13     0.73745038   ✓         
15     11     5      0.73745038   ✓         
16     11     13     0.73745038   ✓         
17     5      7      0.73745038   ✓         
18     5      11     0.73745038   ✓         
19     13     7      0.73745038   ✓         
20     13     11     0.73745038   ✓         

================================================================================
BEST RESULT for n=36: l1=1, l2=5, λ₂=0.73745038
================================================================================

================================================================================
Testing all cord combinations for n=38, k=3
================================================================================

Theoretical upper bound: λ₂ ≤ 3.081081

Found 324 valid k-regular graphs

Rank   l1     l2     λ₂           Check     
--------------------------------------------------
1      2      3      0.63500068   ✓         
2      2      16     0.63500068   ✓         
3      17     3      0.63500068   ✓         
4      17     16     0.63500068   ✓         
5      8      7      0.63500068   ✓         
6      8      12     0.63500068   ✓         
7      11     7      0.63500068   ✓         
8      11     12     0.63500068   ✓         
9      7      1      0.63500068   ✓         
10     7      18     0.63500068   ✓         
11     12     1      0.63500068   ✓         
12     12     18     0.63500068   ✓         
13     3      2      0.63500068   ✓         
14     3      17     0.63500068   ✓         
15     16     2      0.63500068   ✓         
16     16     17     0.63500068   ✓         
17     7      8      0.63500068   ✓         
18     7      11     0.63500068   ✓         
19     12     8      0.63500068   ✓         
20     12     11     0.63500068   ✓         

================================================================================
BEST RESULT for n=38: l1=2, l2=3, λ₂=0.63500068
================================================================================

================================================================================
Testing all cord combinations for n=40, k=3
================================================================================

Theoretical upper bound: λ₂ ≤ 3.076923

Found 361 valid k-regular graphs

Rank   l1     l2     λ₂           Check     
--------------------------------------------------
1      4      7      0.58578644   ✓         
2      4      13     0.58578644   ✓         
3      16     7      0.58578644   ✓         
4      16     13     0.58578644   ✓         
5      7      4      0.58578644   ✓         
6      7      16     0.58578644   ✓         
7      13     4      0.58578644   ✓         
8      13     16     0.58578644   ✓         
9      1      8      0.58578644   ✓         
10     1      12     0.58578644   ✓         
11     19     8      0.58578644   ✓         
12     19     12     0.58578644   ✓         
13     9      8      0.58578644   ✓         
14     9      12     0.58578644   ✓         
15     11     8      0.58578644   ✓         
16     11     12     0.58578644   ✓         
17     3      4      0.58578644   ✓         
18     3      16     0.58578644   ✓         
19     17     4      0.58578644   ✓         
20     17     16     0.58578644   ✓         

================================================================================
BEST RESULT for n=40: l1=4, l2=7, λ₂=0.58578644
================================================================================

================================================================================
Testing all cord combinations for n=42, k=3
================================================================================

Theoretical upper bound: λ₂ ≤ 3.073171

Found 400 valid k-regular graphs

Rank   l1     l2     λ₂           Check     
--------------------------------------------------
1      10     4      0.75302040   ✓         
2      10     17     0.75302040   ✓         
3      11     4      0.75302040   ✓         
4      11     17     0.75302040   ✓         
5      8      1      0.75302040   ✓         
6      8      20     0.75302040   ✓         
7      13     1      0.75302040   ✓         
8      13     20     0.75302040   ✓         
9      5      2      0.75302040   ✓         
10     5      19     0.75302040   ✓         
11     16     2      0.75302040   ✓         
12     16     19     0.75302040   ✓         
13     1      8      0.75302040   ✓         
14     1      13     0.75302040   ✓         
15     20     8      0.75302040   ✓         
16     20     13     0.75302040   ✓         
17     4      10     0.75302040   ✓         
18     4      11     0.75302040   ✓         
19     17     10     0.75302040   ✓         
20     17     11     0.75302040   ✓         

================================================================================
BEST RESULT for n=42: l1=10, l2=4, λ₂=0.75302040
================================================================================

================================================================================
Testing all cord combinations for n=44, k=3
================================================================================

Theoretical upper bound: λ₂ ≤ 3.069767

Found 441 valid k-regular graphs

Rank   l1     l2     λ₂           Check     
--------------------------------------------------
1      11     3      0.68047135   ✓         
2      11     19     0.68047135   ✓         
3      3      11     0.68047135   ✓         
4      19     11     0.68047135   ✓         
5      7      2      0.65643751   ✓         
6      7      20     0.65643751   ✓         
7      15     2      0.65643751   ✓         
8      15     20     0.65643751   ✓         
9      1      6      0.65643751   ✓         
10     1      16     0.65643751   ✓         
11     9      10     0.65643751   ✓         
12     9      12     0.65643751   ✓         
13     13     10     0.65643751   ✓         
14     13     12     0.65643751   ✓         
15     21     6      0.65643751   ✓         
16     21     16     0.65643751   ✓         
17     4      3      0.65643751   ✓         
18     4      19     0.65643751   ✓         
19     18     3      0.65643751   ✓         
20     18     19     0.65643751   ✓         

================================================================================
BEST RESULT for n=44: l1=11, l2=3, λ₂=0.68047135
================================================================================

================================================================================
Testing all cord combinations for n=46, k=3
================================================================================

Theoretical upper bound: λ₂ ≤ 3.066667

Found 484 valid k-regular graphs

Rank   l1     l2     λ₂           Check     
--------------------------------------------------
1      3      8      0.57792712   ✓         
2      3      15     0.57792712   ✓         
3      20     8      0.57792712   ✓         
4      20     15     0.57792712   ✓         
5      4      3      0.57792712   ✓         
6      4      20     0.57792712   ✓         
7      19     3      0.57792712   ✓         
8      19     20     0.57792712   ✓         
9      1      5      0.57792712   ✓         
10     1      18     0.57792712   ✓         
11     22     5      0.57792712   ✓         
12     22     18     0.57792712   ✓         
13     6      8      0.57792712   ✓         
14     6      15     0.57792712   ✓         
15     7      6      0.57792712   ✓         
16     7      17     0.57792712   ✓         
17     9      1      0.57792712   ✓         
18     9      22     0.57792712   ✓         
19     14     1      0.57792712   ✓         
20     14     22     0.57792712   ✓         

================================================================================
BEST RESULT for n=46: l1=3, l2=8, λ₂=0.57792712
================================================================================

================================================================================
Testing all cord combinations for n=48, k=3
================================================================================

Theoretical upper bound: λ₂ ≤ 3.063830

Found 529 valid k-regular graphs

Rank   l1     l2     λ₂           Check     
--------------------------------------------------
1      4      9      0.58578644   ✓         
2      4      15     0.58578644   ✓         
3      20     9      0.58578644   ✓         
4      20     15     0.58578644   ✓         
5      11     3      0.58578644   ✓         
6      11     21     0.58578644   ✓         
7      13     3      0.58578644   ✓         
8      13     21     0.58578644   ✓         
9      3      5      0.58578644   ✓         
10     3      19     0.58578644   ✓         
11     5      11     0.58578644   ✓         
12     5      13     0.58578644   ✓         
13     19     11     0.58578644   ✓         
14     19     13     0.58578644   ✓         
15     21     5      0.58578644   ✓         
16     21     19     0.58578644   ✓         
17     9      7      0.58578644   ✓         
18     9      17     0.58578644   ✓         
19     15     7      0.58578644   ✓         
20     15     17     0.58578644   ✓         

================================================================================
BEST RESULT for n=48: l1=4, l2=9, λ₂=0.58578644
================================================================================

================================================================================
Testing all cord combinations for n=50, k=3
================================================================================

Theoretical upper bound: λ₂ ≤ 3.061224

Found 576 valid k-regular graphs

Rank   l1     l2     λ₂           Check     
--------------------------------------------------
1      1      7      0.69031725   ✓         
2      1      18     0.69031725   ✓         
3      24     7      0.69031725   ✓         
4      24     18     0.69031725   ✓         
5      12     9      0.69031725   ✓         
6      12     16     0.69031725   ✓         
7      13     9      0.69031725   ✓         
8      13     16     0.69031725   ✓         
9      7      1      0.69031725   ✓         
10     7      24     0.69031725   ✓         
11     18     1      0.69031725   ✓         
12     18     24     0.69031725   ✓         
13     9      12     0.69031725   ✓         
14     9      13     0.69031725   ✓         
15     16     12     0.69031725   ✓         
16     16     13     0.69031725   ✓         
17     8      6      0.69031725   ✓         
18     8      19     0.69031725   ✓         
19     17     6      0.69031725   ✓         
20     17     19     0.69031725   ✓         

================================================================================
BEST RESULT for n=50: l1=1, l2=7, λ₂=0.69031725
================================================================================

ERG baseline (estimated): 0.5345
Our result: 0.6903
Improvement: +29.15%
Status: WIN!

================================================================================
Testing all cord combinations for n=52, k=3
================================================================================

Theoretical upper bound: λ₂ ≤ 3.058824

Found 625 valid k-regular graphs


================================================================================
BEST RESULT for n=52: l1=5, l2=13, λ₂=0.64332011
================================================================================

================================================================================
Testing all cord combinations for n=54, k=3
================================================================================

Theoretical upper bound: λ₂ ≤ 3.056604

Found 676 valid k-regular graphs


================================================================================
BEST RESULT for n=54: l1=11, l2=12, λ₂=0.57305890
================================================================================

================================================================================
Testing all cord combinations for n=56, k=3
================================================================================

Theoretical upper bound: λ₂ ≤ 3.054545

Found 729 valid k-regular graphs


================================================================================
BEST RESULT for n=56: l1=4, l2=3, λ₂=0.58222028
================================================================================

================================================================================
Testing all cord combinations for n=58, k=3
================================================================================

Theoretical upper bound: λ₂ ≤ 3.052632

Found 784 valid k-regular graphs


================================================================================
BEST RESULT for n=58: l1=12, l2=9, λ₂=0.54552426
================================================================================

================================================================================
Testing all cord combinations for n=60, k=3
================================================================================

Theoretical upper bound: λ₂ ≤ 3.050847

Found 841 valid k-regular graphs


================================================================================
BEST RESULT for n=60: l1=9, l2=2, λ₂=0.51211570
================================================================================

================================================================================
Testing all cord combinations for n=62, k=3
================================================================================

Theoretical upper bound: λ₂ ≤ 3.049180

Found 900 valid k-regular graphs


================================================================================
BEST RESULT for n=62: l1=9, l2=1, λ₂=0.48162187
================================================================================

================================================================================
Testing all cord combinations for n=64, k=3
================================================================================

Theoretical upper bound: λ₂ ≤ 3.047619

Found 961 valid k-regular graphs


================================================================================
BEST RESULT for n=64: l1=11, l2=13, λ₂=0.55238678
================================================================================

================================================================================
Testing all cord combinations for n=66, k=3
================================================================================

Theoretical upper bound: λ₂ ≤ 3.046154

Found 1024 valid k-regular graphs


================================================================================
BEST RESULT for n=66: l1=15, l2=14, λ₂=0.45333573
================================================================================

================================================================================
Testing all cord combinations for n=68, k=3
================================================================================

Theoretical upper bound: λ₂ ≤ 3.044776

Found 1089 valid k-regular graphs


================================================================================
BEST RESULT for n=68: l1=5, l2=3, λ₂=0.51695548
================================================================================

================================================================================
Testing all cord combinations for n=70, k=3
================================================================================

Theoretical upper bound: λ₂ ≤ 3.043478

Found 1156 valid k-regular graphs


================================================================================
BEST RESULT for n=70: l1=12, l2=15, λ₂=0.47547590
================================================================================

================================================================================
Testing all cord combinations for n=72, k=3
================================================================================

Theoretical upper bound: λ₂ ≤ 3.042254

Found 1225 valid k-regular graphs


================================================================================
BEST RESULT for n=72: l1=8, l2=1, λ₂=0.46791111
================================================================================

================================================================================
Testing all cord combinations for n=74, k=3
================================================================================

Theoretical upper bound: λ₂ ≤ 3.041096

Found 1296 valid k-regular graphs


================================================================================
BEST RESULT for n=74: l1=11, l2=14, λ₂=0.44401570
================================================================================

================================================================================
Testing all cord combinations for n=76, k=3
================================================================================

Theoretical upper bound: λ₂ ≤ 3.040000

Found 1369 valid k-regular graphs


================================================================================
BEST RESULT for n=76: l1=11, l2=19, λ₂=0.43745536
================================================================================

================================================================================
Testing all cord combinations for n=78, k=3
================================================================================

Theoretical upper bound: λ₂ ≤ 3.038961

Found 1444 valid k-regular graphs


================================================================================
BEST RESULT for n=78: l1=19, l2=16, λ₂=0.43893481
================================================================================

================================================================================
Testing all cord combinations for n=80, k=3
================================================================================

Theoretical upper bound: λ₂ ≤ 3.037975

Found 1521 valid k-regular graphs


================================================================================
BEST RESULT for n=80: l1=4, l2=5, λ₂=0.47547590
================================================================================

================================================================================
Testing all cord combinations for n=82, k=3
================================================================================

Theoretical upper bound: λ₂ ≤ 3.037037

Found 1600 valid k-regular graphs


================================================================================
BEST RESULT for n=82: l1=20, l2=16, λ₂=0.45681611
================================================================================

================================================================================
Testing all cord combinations for n=84, k=3
================================================================================

Theoretical upper bound: λ₂ ≤ 3.036145

Found 1681 valid k-regular graphs


================================================================================
BEST RESULT for n=84: l1=21, l2=13, λ₂=0.45167522
================================================================================

================================================================================
Testing all cord combinations for n=86, k=3
================================================================================

Theoretical upper bound: λ₂ ≤ 3.035294

Found 1764 valid k-regular graphs


================================================================================
BEST RESULT for n=86: l1=20, l2=16, λ₂=0.41725728
================================================================================

================================================================================
Testing all cord combinations for n=88, k=3
================================================================================

Theoretical upper bound: λ₂ ≤ 3.034483

Found 1849 valid k-regular graphs


================================================================================
BEST RESULT for n=88: l1=9, l2=16, λ₂=0.39934809
================================================================================

================================================================================
Testing all cord combinations for n=90, k=3
================================================================================

Theoretical upper bound: λ₂ ≤ 3.033708

Found 1936 valid k-regular graphs


================================================================================
BEST RESULT for n=90: l1=2, l2=7, λ₂=0.40174240
================================================================================

================================================================================
Testing all cord combinations for n=92, k=3
================================================================================

Theoretical upper bound: λ₂ ≤ 3.032967

Found 2025 valid k-regular graphs


================================================================================
BEST RESULT for n=92: l1=5, l2=23, λ₂=0.40256137
================================================================================

================================================================================
Testing all cord combinations for n=94, k=3
================================================================================

Theoretical upper bound: λ₂ ≤ 3.032258

Found 2116 valid k-regular graphs


================================================================================
BEST RESULT for n=94: l1=14, l2=6, λ₂=0.35194526
================================================================================

================================================================================
Testing all cord combinations for n=96, k=3
================================================================================

Theoretical upper bound: λ₂ ≤ 3.031579

Found 2209 valid k-regular graphs


================================================================================
BEST RESULT for n=96: l1=19, l2=6, λ₂=0.34578819
================================================================================

================================================================================
Testing all cord combinations for n=98, k=3
================================================================================

Theoretical upper bound: λ₂ ≤ 3.030928

Found 2304 valid k-regular graphs


================================================================================
BEST RESULT for n=98: l1=10, l2=8, λ₂=0.32482729
================================================================================

================================================================================
Testing all cord combinations for n=100, k=3
================================================================================

Theoretical upper bound: λ₂ ≤ 3.030303

Found 2401 valid k-regular graphs


================================================================================
BEST RESULT for n=100: l1=7, l2=25, λ₂=0.39297115
================================================================================

ERG baseline (estimated): 0.5298
Our result: 0.3930
Improvement: -25.83%
Status: LOSS


================================================================================
SUMMARY: Best λ₂ for all even n from 16 to 100
================================================================================

n      l1     l2     λ₂           ERG Est.     Improvement  Status  
----------------------------------------------------------------------
16     1      3      1.267949     0.500000     +153.59    % WIN     
18     1      4      0.898011     0.530000     +69.44     % WIN     
20     3      1      1.000000     0.530000     +88.68     % WIN     
22     5      4      0.898419     0.530000     +69.51     % WIN     
24     1      5      1.000000     0.530000     +88.68     % WIN     
26     4      6      0.947370     0.530000     +78.75     % WIN     
28     1      4      0.763932     0.530000     +44.14     % WIN     
30     7      2      0.763932     0.530000     +44.14     % WIN     
32     7      6      0.763932     0.585800     +30.41     % WIN     
34     5      8      0.773136     0.530000     +45.87     % WIN     
36     1      5      0.737450     0.530000     +39.14     % WIN     
38     2      3      0.635001     0.530000     +19.81     % WIN     
40     4      7      0.585786     0.530000     +10.53     % WIN     
42     10     4      0.753020     0.530000     +42.08     % WIN     
44     11     3      0.680471     0.530000     +28.39     % WIN     
46     3      8      0.577927     0.530000     +9.04      % WIN     
48     4      9      0.585786     0.530000     +10.53     % WIN     
50     1      7      0.690317     0.534500     +29.15     % WIN     
52     5      13     0.643320     0.530000     +21.38     % WIN     
54     11     12     0.573059     0.530000     +8.12      % WIN     
56     4      3      0.582220     0.530000     +9.85      % WIN     
58     12     9      0.545524     0.530000     +2.93      % WIN     
60     9      2      0.512116     0.530000     -3.37      % LOSS    
62     9      1      0.481622     0.530000     -9.13      % LOSS    
64     11     13     0.552387     0.530000     +4.22      % WIN     
66     15     14     0.453336     0.530000     -14.46     % LOSS    
68     5      3      0.516955     0.530000     -2.46      % LOSS    
70     12     15     0.475476     0.530000     -10.29     % LOSS    
72     8      1      0.467911     0.530000     -11.71     % LOSS    
74     11     14     0.444016     0.530000     -16.22     % LOSS    
76     11     19     0.437455     0.530000     -17.46     % LOSS    
78     19     16     0.438935     0.530000     -17.18     % LOSS    
80     4      5      0.475476     0.530000     -10.29     % LOSS    
82     20     16     0.456816     0.530000     -13.81     % LOSS    
84     21     13     0.451675     0.530000     -14.78     % LOSS    
86     20     16     0.417257     0.530000     -21.27     % LOSS    
88     9      16     0.399348     0.530000     -24.65     % LOSS    
90     2      7      0.401742     0.530000     -24.20     % LOSS    
92     5      23     0.402561     0.530000     -24.05     % LOSS    
94     14     6      0.351945     0.530000     -33.60     % LOSS    
96     19     6      0.345788     0.530000     -34.76     % LOSS    
98     10     8      0.324827     0.530000     -38.71     % LOSS    
100    7      25     0.392971     0.529800     -25.83     % LOSS    
----------------------------------------------------------------------
Approximate wins (λ₂ > 0.53): 23/43
